9
-0.209463  0.269835   1.41547         1
0.980011  0.103368 -0.162653 0.0493615
0.980011  0.103368 -0.162653 0.0493615
0
-0.0813941   0.360578     1.0313          1
0.980011  0.103368 -0.162653 0.0493615
0.980011  0.103368 -0.162653 0.0493615
0
-0.0238666   0.523946   0.835206          1
0.980011  0.103368 -0.162653 0.0493615
0.980011  0.103368 -0.162653 0.0493615
0
0.022719  0.62554 0.712697        1
0.980011  0.103368 -0.162653 0.0493615
0.980011  0.103368 -0.162653 0.0493615
0
0.108128 0.744696 0.445241        1
0.980011  0.103368 -0.162653 0.0493615
0.980011  0.103368 -0.162653 0.0493615
0
0.123558  0.75563 0.398955        1
0.980011  0.103368 -0.162653 0.0493615
0.980011  0.103368 -0.162653 0.0493615
0
0.225338 0.761933 0.439447        1
0.993943  0.0582998 -0.0803376  0.0471616
0.993943  0.0582998 -0.0803376  0.0471616
0
0.364933 0.778881 0.417636        1
0.993943  0.0582998 -0.0803376  0.0471616
0.993943  0.0582998 -0.0803376  0.0471616
0
 0.37987 0.787328 0.354743        1
0.993943  0.0582998 -0.0803376  0.0471616
0.993943  0.0582998 -0.0803376  0.0471616
0
