9
0.259418  1.56807 0.543658        1
-0.00285596 0.0015811  -0.70322 -0.710965
-0.00285596 0.0015811  -0.70322 -0.710965
0
0.243485  1.21758 0.589726        1
-0.00285596 0.0015811  -0.70322 -0.710965
-0.00285596 0.0015811  -0.70322 -0.710965
0
0.242257  1.00112 0.722359        1
-0.00285596 0.0015811  -0.70322 -0.710965
-0.00285596 0.0015811  -0.70322 -0.710965
0
0.241355 0.810145  0.81027        1
-0.00285596 0.0015811  -0.70322 -0.710965
-0.00285596 0.0015811  -0.70322 -0.710965
0
0.255413  0.48948 0.866853        1
-0.00285596 0.0015811  -0.70322 -0.710965
-0.00285596 0.0015811  -0.70322 -0.710965
0
0.254893 0.319107 0.899988        1
-0.00285596 0.0015811  -0.70322 -0.710965
-0.00285596 0.0015811  -0.70322 -0.710965
0
0.264603  0.24382 0.924227        1
-0.00285596 0.0015811  -0.70322 -0.710965
-0.00285596 0.0015811  -0.70322 -0.710965
0
0.254506 0.188841 0.923562        1
-0.00285596 0.0015811  -0.70322 -0.710965
-0.00285596 0.0015811  -0.70322 -0.710965
0
0.199292 0.174718 0.923138        1
0.245172   0.25117 -0.672306 -0.651774
0.245172   0.25117 -0.672306 -0.651774
0
