8
-0.275639  0.487419  0.146616         1
0.455246  0.448598 -0.545036 -0.542629
0.455246  0.448598 -0.545036 -0.542629
0
-0.103597  0.455384  0.146022         1
0.455246  0.448598 -0.545036 -0.542629
0.455246  0.448598 -0.545036 -0.542629
0
-0.000371784     0.436163     0.145666            1
0.455246  0.448598 -0.545036 -0.542629
0.455246  0.448598 -0.545036 -0.542629
0
-0.00016959    0.436508    0.185664           1
0.455246  0.448598 -0.545036 -0.542629
0.455246  0.448598 -0.545036 -0.542629
0
0.00499865   0.436024   0.235645          1
0.455246  0.448598 -0.545036 -0.542629
0.455246  0.448598 -0.545036 -0.542629
0
0.104324 0.422806 0.255257        1
0.455246  0.448598 -0.545036 -0.542629
0.455246  0.448598 -0.545036 -0.542629
0
0.145799 0.508316 0.294454        1
0.25141  0.232746 -0.645245 -0.682848
0.25141  0.232746 -0.645245 -0.682848
0
0.245755 0.459637 0.318207        1
0.25141  0.232746 -0.645245 -0.682848
0.25141  0.232746 -0.645245 -0.682848
0
