8
0.376495 0.215786    1.582        1
0.992641  0.0948396  0.0726451 -0.0198152
0.992641  0.0948396  0.0726451 -0.0198152
0
0.311458 0.305569  1.23335        1
0.992641  0.0948396  0.0726451 -0.0198152
0.992641  0.0948396  0.0726451 -0.0198152
0
0.276053 0.501245 0.963008        1
0.992641  0.0948396  0.0726451 -0.0198152
0.992641  0.0948396  0.0726451 -0.0198152
0
0.249684 0.668821 0.757891        1
0.992641  0.0948396  0.0726451 -0.0198152
0.992641  0.0948396  0.0726451 -0.0198152
0
0.226353 0.753248 0.587441        1
0.992641  0.0948396  0.0726451 -0.0198152
0.992641  0.0948396  0.0726451 -0.0198152
0
0.200651 0.835636 0.401493        1
0.992641  0.0948396  0.0726451 -0.0198152
0.992641  0.0948396  0.0726451 -0.0198152
0
0.182696 0.867942 0.343536        1
0.992641  0.0948396  0.0726451 -0.0198152
0.992641  0.0948396  0.0726451 -0.0198152
0
0.120709 0.876595 0.310038        1
0.990922  0.0713141  -0.108925 -0.0335008
0.990922  0.0713141  -0.108925 -0.0335008
0
